6835	0	6835	2
6835	0	1440485	1
6835	0	2184490	1
6835	0	1699823	1
6835	0	375405	1
6835	0	1082327	1
6835	0	1203128	1
6835	0	1045192	1
6835	0	719346	1
6835	0	806248	1
19342	0	19342	2
19342	0	71282	1
19342	0	391813	1
19342	0	2283339	1
19342	0	593134	1
19342	0	666388	1
19342	0	694035	1
19342	0	1356327	1
19342	0	414073	1
19342	0	409	1
18363	0	18363	2
18363	0	232076	1
18363	0	425278	1
18363	0	1648577	1
18363	0	1444308	1
18363	0	366906	1
18363	0	416334	1
18363	0	668412	1
18363	0	647362	1
18363	0	1543087	1
18363	0	1784533	1
18363	0	2245588	1
18363	0	567340	1
18363	0	1907371	1
18363	0	1783021	1
18363	0	736284	1
18363	0	1914772	1
18363	0	2141219	1
18363	0	239420	1
18363	0	1835249	1
18363	0	461162	1
18363	0	1139946	1
18363	0	466539	1
18363	0	277068	1
18363	0	1840255	1
18363	0	1486226	1
18363	0	2266592	1
18363	0	394002	1
18363	0	2244041	1
18363	0	577926	1
18363	0	569839	1
18363	0	426539	1
18363	0	1684682	1
18363	0	484928	1
18363	0	585406	1
18363	0	437010	1
18363	0	1663832	1
18363	0	734873	1
18363	0	1059788	1
18363	0	1389394	1
18363	0	1289918	1
18363	0	97591	1
18363	0	992117	1
18363	0	214734	1
18363	0	136628	1
18363	0	1452509	1
18363	0	1676982	1
18363	0	325777	1
18363	0	1359560	1
18363	0	2099256	1
18363	0	809707	1
18363	0	1507311	1
18363	0	1593239	1
18363	0	1541253	1
18363	0	1718188	1
18363	0	1753773	1
18363	0	403837	1
18363	0	474900	1
18363	0	435825	1
18363	0	455802	1
18363	0	162478	1
18363	0	1433121	1
18363	0	1724572	1
18363	0	472695	1
18363	0	395154	1
18363	0	1889294	1
18363	0	123901	1
18363	0	445240	1
18363	0	723667	1
18363	0	859717	1
18363	0	2310415	1
18363	0	2018356	1
18363	0	1808331	1
18363	0	733103	1
18363	0	1714331	1
18363	0	1755912	1
18363	0	2167832	1
18363	0	763044	1
18363	0	1369183	1
18363	0	1978161	1
18363	0	1128100	1
18363	0	2182037	1
18363	0	2039274	1
18363	0	1292959	1
18363	0	1129293	1
18363	0	463410	1
18363	0	1452513	1
18363	0	1848297	1
18363	0	1986559	1
18363	0	409391	1
18363	0	1608070	1
18363	0	1333111	1
18363	0	2427632	1
18363	0	312066	1
18363	0	1419512	1
18363	0	1778786	1
18363	0	2272922	1
18363	0	1813569	1
18363	0	380804	1
18363	0	773564	1
18363	0	1855683	1
18363	0	1729447	1
18363	0	595775	1
18363	0	2081346	1
18363	0	353314	1
18363	0	457223	1
18363	0	1789047	1
18363	0	2183949	1
18363	0	198435	1
18363	0	1328228	1
18363	0	2194116	1
18363	0	1673073	1
18363	0	243617	1
18363	0	2145429	1
18363	0	1313664	1
18363	0	2442630	1
18363	0	970866	1
18363	0	659939	1
18363	0	1731844	1
18363	0	1319260	1
18363	0	239428	1
18363	0	2059630	1
18363	0	339809	1
18363	0	640858	1
18363	0	2011387	1
18363	0	1673883	1
18363	0	220325	1
18363	0	1790896	1
18363	0	458109	1
18363	0	2183952	1
18363	0	2059939	1
18363	0	1704553	1
18363	0	384753	1
18363	0	678237	1
18363	0	302429	1
18363	0	497261	1
18363	0	2183652	1
18363	0	182049	1
18363	0	2304897	1
18363	0	511450	1
18363	0	513263	1
18363	0	947877	1
18363	0	466364	1
18363	0	239384	1
18363	0	2162782	1
18363	0	1436573	1
18363	0	528527	1
18363	0	1539791	1
18363	0	2275529	1
18363	0	739025	1
18363	0	588441	1
18363	0	456381	1
18363	0	2069150	1
18363	0	1889810	1
18363	0	769542	1
18363	0	1321778	1
18363	0	1535358	1
226344	0	226344	2
226344	0	1783222	1
226344	0	2002834	1
226344	0	458433	1
226344	0	634258	1
226344	0	1183384	1
226344	0	852855	1
226344	0	2398559	1
226344	0	2094260	1
226344	0	1887169	1
226344	0	1683944	1
226344	0	1040627	1
226344	0	2371053	1
226344	0	2415483	1
37955	0	37955	2
37955	0	1712777	1
37955	0	2132530	1
37955	0	2262075	1
37955	0	671611	1
37955	0	2155919	1
37955	0	2400914	1
37955	0	2342594	1
37955	0	1950024	1
37955	0	1596018	1
37955	0	556570	1
37955	0	1756351	1
37955	0	1914812	1
19145	0	19145	2
19145	0	1949515	1
19145	0	926869	1
19145	0	409103	1
19145	0	2246215	1
19145	0	1623117	1
19145	0	479703	1
19145	0	1270867	1
19145	0	1362973	1
19145	0	9492	1
19145	0	414064	1
19145	0	1315859	1
19145	0	1506811	1
19145	0	1387926	1
19145	0	595527	1
19145	0	785559	1
14445	0	14445	2
14445	0	921040	1
14445	0	1353335	1
14445	0	1102274	1
14445	0	409734	1
14445	0	1528115	1
14445	0	1121493	1
14445	0	1413924	1
14445	0	173030	1
14445	0	2308623	1
14445	0	643204	1
14445	0	2004056	1
14445	0	2316866	1
14445	0	187900	1
14445	0	741846	1
14445	0	725174	1
14445	0	703831	1
14445	0	1396505	1
14445	0	290651	1
14445	0	88056	1
14445	0	405312	1
14445	0	445087	1
14445	0	1387541	1
14445	0	444711	1
14445	0	1094091	1
14445	0	267639	1
14445	0	1094095	1
14445	0	523098	1
14445	0	1045318	1
14445	0	1494351	1
14445	0	1999782	1
14445	0	2400905	1
14445	0	445166	1
14445	0	1780201	1
14445	0	1094087	1
605066	0	605066	2
605066	0	2451295	1
605066	0	1431641	1
605066	0	1431627	1
605066	0	1435571	1
605066	0	1431654	1
2228	0	2228	2
2228	0	426197	1
2228	0	168481	1
2228	0	25691	1
2228	0	597875	1
2228	0	758331	1
2228	0	1834436	1
2228	0	621991	1
2228	0	135525	1
2228	0	576576	1
2228	0	103239	1
2228	0	752267	1
2613	0	2613	2
2613	0	1133743	1
2613	0	769224	1
2613	0	684360	1
2613	0	2025399	1
2613	0	1330455	1
2613	0	1222258	1
2613	0	1729044	1
2613	0	849674	1
2613	0	1790746	1
2613	0	2013234	1
2613	0	2235111	1
2613	0	2384549	1
2613	0	202904	1
2613	0	1687268	1
2613	0	1539087	1
2613	0	1886133	1
2613	0	1841937	1
2613	0	1659801	1
2613	0	1932579	1
2613	0	2175190	1
2613	0	637638	1
2613	0	2118620	1
2613	0	1622784	1
2613	0	918111	1
2613	0	2446675	1
2613	0	355620	1
2613	0	196465	1
2613	0	1502474	1
2613	0	717604	1
2613	0	1893448	1
2613	0	1636655	1
2613	0	1332541	1
2613	0	1281075	1
2613	0	2196563	1
2613	0	1322266	1
2613	0	2089098	1
2613	0	1657934	1
2613	0	725844	1
2613	0	2394194	1
2613	0	2365329	1
2613	0	286401	1
2613	0	1251178	1
2613	0	938145	1
2613	0	1642174	1
2613	0	619382	1
2613	0	1560601	1
2613	0	1259299	1
2613	0	1976841	1
2613	0	883368	1
2613	0	1177073	1
2613	0	1665029	1
2613	0	2063690	1
2613	0	283675	1
2613	0	711437	1
2613	0	570702	1
2613	0	1661875	1
2613	0	1902126	1
2613	0	1642180	1
2613	0	1025793	1
2613	0	1559619	1
2613	0	347327	1
2613	0	360107	1
2613	0	1550318	1
2613	0	1541681	1
2613	0	2265828	1
2613	0	1323733	1
2613	0	1608916	1
2613	0	2351668	1
2613	0	1924127	1
2613	0	2352301	1
2613	0	538912	1
2613	0	17656	1
2613	0	1774215	1
2613	0	1598343	1
2613	0	2377276	1
2613	0	76518	1
2613	0	484275	1
2613	0	498029	1
2613	0	1618809	1
2613	0	1680499	1
2613	0	337632	1
2613	0	1034367	1
2613	0	952753	1
2613	0	1509113	1
2613	0	2002845	1
2613	0	979920	1
2613	0	1404567	1
2613	0	2386613	1
2613	0	1361974	1
2613	0	1957109	1
2613	0	406916	1
2613	0	2112669	1
1742574	0	1742574	2
1742574	0	1145734	1
1742574	0	276657	1
1742574	0	308492	1
1742574	0	213808	1
1742574	0	1864147	1
1742574	0	2115413	1
1742574	0	1132780	1
28296	0	28296	2
28296	0	659779	1
28296	0	1053551	1
28296	0	1528442	1
28296	0	1096948	1
28296	0	1659188	1
28296	0	1352299	1
28296	0	894342	1
28296	0	398692	1
28296	0	2314048	1
28296	0	1241492	1
28296	0	1011713	1
28296	0	1091638	1
28296	0	537166	1
28296	0	1078535	1
28296	0	1069857	1
28296	0	929341	1
28296	0	1019322	1
28296	0	893122	1
28296	0	987888	1
100963	0	100963	2
100963	0	396651	1
100963	0	909525	1
100963	0	428730	1
100963	0	2189916	1
100963	0	453117	1
100963	0	1605860	1
100963	0	201905	1
100963	0	1621025	1
100963	0	412834	1
100963	0	396681	1
100963	0	441032	1
100963	0	418812	1
100963	0	186565	1
100963	0	993923	1
100963	0	1382210	1
100963	0	1640653	1
100963	0	342666	1
100963	0	1704483	1
100963	0	396658	1
100963	0	412832	1
100963	0	352229	1
100963	0	1704129	1
100963	0	1947535	1
100963	0	2065403	1
100963	0	412797	1
561358	0	561358	2
561358	0	1580964	1
561358	0	2044336	1
561358	0	2044328	1
561358	0	1345488	1
561358	0	1580907	1
561358	0	2044267	1
13460	0	13460	2
13460	0	1683339	1
13460	0	1611030	1
13460	0	1040791	1
13460	0	2197992	1
13460	0	1658610	1
13460	0	2284890	1
13460	0	1772373	1
85285	0	85285	2
85285	0	365390	1
85285	0	456871	1
85285	0	104094	1
85285	0	403179	1
85285	0	1235128	1
85285	0	473600	1
85285	0	606555	1
85285	0	910582	1
85285	0	1730531	1
85285	0	594415	1
85285	0	1812338	1
4925	0	4925	2
4925	0	2228498	1
4925	0	1735438	1
4925	0	2165785	1
4925	0	1945920	1
4925	0	309081	1
4925	0	1670797	1
4925	0	1190811	1
4925	0	12823	1
4925	0	1470967	1
4925	0	1466385	1
4925	0	1809763	1
4925	0	950144	1
4925	0	666123	1
4925	0	1168509	1
4925	0	2066048	1
4925	0	1169425	1
4925	0	1140123	1
4925	0	2298460	1
4925	0	200562	1
4925	0	294379	1
4925	0	949513	1
4925	0	185523	1
4925	0	2424817	1
4925	0	394701	1
4925	0	2332192	1
4925	0	846171	1
4925	0	695923	1
4925	0	2451498	1
4925	0	2062106	1
4925	0	1696253	1
4925	0	1215173	1
4925	0	1698504	1
4925	0	1372509	1
4925	0	1452010	1
4925	0	421513	1
4925	0	1745761	1
4925	0	948541	1
4925	0	1330747	1
4925	0	2324240	1
4925	0	1622893	1
4925	0	2227320	1
4925	0	464041	1
4925	0	1980416	1
4925	0	2348405	1
4925	0	1375856	1
4925	0	2335396	1
4925	0	2288589	1
4925	0	519247	1
4925	0	1656876	1
4925	0	1847640	1
4925	0	2285857	1
4925	0	2116154	1
4925	0	1556285	1
4925	0	1223490	1
4925	0	2367770	1
4925	0	1955517	1
4925	0	859394	1
4925	0	254180	1
4925	0	2436684	1
4925	0	1952992	1
4925	0	2396869	1
4925	0	1014638	1
4925	0	324058	1
4925	0	644014	1
4925	0	572685	1
4925	0	611352	1
4925	0	1460914	1
4925	0	968109	1
4925	0	327742	1
4925	0	1668311	1
4925	0	1666143	1
4925	0	2448708	1
4925	0	1566116	1
4925	0	584904	1
4925	0	2401593	1
4925	0	1680113	1
4925	0	2203805	1
4925	0	293741	1
4925	0	459911	1
4925	0	1702445	1
4925	0	2089274	1
4925	0	2318415	1
4925	0	2324248	1
4925	0	1670000	1
4925	0	1299229	1
4925	0	988228	1
4925	0	1525324	1
4925	0	412654	1
4925	0	982088	1
4925	0	173480	1
4925	0	1045180	1
4925	0	2281936	1
4925	0	982394	1
4925	0	1716934	1
4925	0	2436333	1
4925	0	2091645	1
4925	0	258312	1
4925	0	1776445	1
4925	0	826942	1
4925	0	683871	1
4925	0	2447680	1
4925	0	2124477	1
4925	0	2307513	1
4925	0	4932	1
4925	0	943639	1
4925	0	2017798	1
4925	0	1762546	1
4925	0	2152471	1
4925	0	1577143	1
4925	0	1795973	1
4925	0	1702248	1
4925	0	1868756	1
4925	0	1871964	1
4925	0	1131738	1
4925	0	1679858	1
4925	0	611347	1
4925	0	1329660	1
4925	0	1317505	1
4925	0	2403177	1
4925	0	1944510	1
4925	0	467102	1
4925	0	1775333	1
4925	0	2324215	1
4925	0	1937202	1
4925	0	1826371	1
4925	0	898523	1
4925	0	2014919	1
4925	0	1498378	1
4925	0	826936	1
4925	0	356217	1
4925	0	1669057	1
4925	0	331312	1
4925	0	412675	1
4925	0	1070491	1
4925	0	1573873	1
4925	0	1440179	1
4925	0	2447486	1
4925	0	1748166	1
4925	0	2246208	1
4925	0	1865277	1
4925	0	976303	1
4925	0	1029294	1
4925	0	286156	1
4925	0	2167314	1
4925	0	1597063	1
4925	0	1256268	1
4925	0	1978892	1
4925	0	1732821	1
4925	0	1064217	1
4925	0	1709038	1
4925	0	2199140	1
4925	0	1363958	1
4925	0	1334202	1
4925	0	1439716	1
4925	0	2142082	1
4925	0	2448031	1
4925	0	2119645	1
4925	0	1805857	1
4925	0	1675725	1
4925	0	1621496	1
4925	0	2244550	1
4925	0	481661	1
4925	0	392620	1
4925	0	2294170	1
4925	0	1256554	1
4925	0	737118	1
4925	0	1313798	1
4925	0	1473013	1
4925	0	1255884	1
4925	0	805769	1
4925	0	387059	1
4925	0	2067235	1
4925	0	1902377	1
4925	0	1478911	1
4925	0	1504420	1
4925	0	2370970	1
4925	0	2413410	1
4925	0	422219	1
4925	0	2068713	1
4925	0	1578912	1
4925	0	2147115	1
4925	0	174555	1
4925	0	1034798	1
4925	0	750538	1
4925	0	1602508	1
4925	0	1399614	1
4925	0	2214060	1
4925	0	1447045	1
4925	0	507725	1
4925	0	1054257	1
4925	0	2146279	1
4925	0	1976558	1
104339	0	104339	2
104339	0	1305612	1
104339	0	913975	1
104339	0	2093261	1
104339	0	424420	1
104339	0	2222291	1
104339	0	998686	1
104339	0	1497471	1
104339	0	2148409	1
104339	0	711061	1
104339	0	2154767	1
183397	0	183397	2
183397	0	1813044	1
183397	0	2338959	1
183397	0	2337908	1
183397	0	1019624	1
183397	0	761081	1
183397	0	1682194	1
183397	0	788036	1
156457	0	156457	2
156457	0	260688	1
156457	0	391494	1
156457	0	1090352	1
156457	0	1666899	1
156457	0	381420	1
156457	0	350808	1
156457	0	394998	1
284	0	284	2
284	0	893839	1
284	0	1289782	1
284	0	281153	1
284	0	165401	1
284	0	150942	1
284	0	2358561	1
284	0	2376887	1
284	0	2366022	1
284	0	1442783	1
284	0	2364711	1
34937	0	34937	2
34937	0	200960	1
34937	0	2052585	1
34937	0	584681	1
34937	0	190491	1
34937	0	1060010	1
76048	0	76048	2
76048	0	2356976	1
76048	0	780211	1
76048	0	1982586	1
76048	0	255486	1
76048	0	394453	1
164182	0	164182	2
164182	0	2344606	1
164182	0	2129290	1
164182	0	2449952	1
164182	0	2398476	1
164182	0	2424334	1
164182	0	2312576	1
164182	0	2185068	1
164182	0	2179265	1
30066	0	30066	2
30066	0	1649717	1
30066	0	636564	1
30066	0	2070022	1
30066	0	2070198	1
30066	0	659640	1
30066	0	1963533	1
30066	0	2339503	1
30066	0	1972377	1
30066	0	1654564	1
654239	0	654239	2
654239	0	1863183	1
654239	0	1207518	1
654239	0	1631894	1
654239	0	2086026	1
654239	0	1576112	1
654239	0	980996	1
654239	0	1734596	1
2674	0	2674	2
2674	0	2276142	1
2674	0	1610206	1
2674	0	1806742	1
2674	0	2280475	1
2674	0	2094973	1
2674	0	2278784	1
2674	0	494586	1
2674	0	435401	1
2674	0	1920000	1
2674	0	2355538	1
2674	0	1032673	1
2674	0	1955652	1
2674	0	2036464	1
2674	0	1602426	1
2674	0	1755734	1
2674	0	2145840	1
2674	0	1782559	1
2674	0	1572671	1
2674	0	235894	1
2674	0	1378326	1
2674	0	2053014	1
2674	0	1820818	1
2674	0	1927616	1
2674	0	1055309	1
2674	0	980612	1
2674	0	2429254	1
2674	0	1846403	1
2674	0	1868006	1
2674	0	1690053	1
2674	0	169599	1
2674	0	1066796	1
2674	0	1896408	1
2674	0	2270316	1
2674	0	2063815	1
2674	0	1892748	1
2674	0	2039714	1
2674	0	2312830	1
2674	0	154233	1
2674	0	2003074	1
2674	0	2382557	1
2674	0	1561998	1
2674	0	1312169	1
172877	0	172877	2
172877	0	1671472	1
172877	0	606850	1
172877	0	705635	1
172877	0	1749050	1
172877	0	719624	1
172877	0	602620	1
172877	0	601814	1
172877	0	1243959	1
7169	0	7169	2
7169	0	2082603	1
7169	0	128523	1
7169	0	75589	1
7169	0	103145	1
7169	0	128513	1
7169	0	88435	1
13690	0	13690	2
13690	0	2212685	1
13690	0	1191518	1
13690	0	1121532	1
13690	0	2163046	1
13690	0	2160218	1
